59079
534831
246893
192603
15964
205712
41683
73980
405195
539599
818872
262900
505233
951935
440644
735775
161405
546925
475683
720136
757664
231510
405444
795184
100240
335685
747887
827383
744746
11492
842126
320176
62674
89018
512778
78637
294729
70813
668968
216275
126763
487839
479174
631996
956126
919817
367770
633882
983093
359804
354017
257108
107665
275812
52291
207905
611496
800178
35287
872593
328021
877412
192769
390695
966430
221898
985683
777510
292710
654651
993785
419473
658841
989310
51468
614966
909127
935589
248847
408571
295392
602863
665679
919408
395026
717969
127312
6521
34498
162598
395466
362519
556362
588234
753213
522791
326483
255247
816652
619193
426249
326788
555017
85090
316098
122836
216407
225224
58424
981606
150146
870167
100820
815824
789574
495846
533793
916886
18718
568290
595835
414183
447160
152196
518768
716724
191338
845251
971971
524342
980795
398219
851129
535811
999660
167226
658646
732419
908801
233421
714024
58947
103587
331195
874770
409512
827040
924914
842749
362110
9556
954936
292644
456715
623483
327764
173439
814821
173014
661761
855514
670160
59979
706642
722322
575991
873868
380967
308409
782668
130739
538784
841614
750677
869978
232736
160188
213370
674001
519289
91831
199908
474224
384474
656623
97706
712237
346413
428878
401602
524525
284391
588113
584503
991033
310434
676845
381252
691400
501605
163919
338490
40388
521885
89166
426718
270972
249354
156439
944972
284994
764621
144880
759217
149094
317854
856922
377683
180618
285800
295636
705142
570190
883749
805996
77574
194182
482841
458825
401934
500797
622744
740423
57537
660980
345941
606
931951
111646
157044
393274
396639
921664
54505
155855
587109
372358
529128
481143
69327
814927
293131
774468
901469
176879
96816
979042
887412
579656
437867
805697
596804
576962
62472
654340
754293
408412
654945
686243
36409
328340
595868
433047
766355
650373
105253
869816
539082
634380
350958
608409
449307
160440
899228
350775
853670
996043
846168
741082
92050
284034
63130
688854
860995
125601
343193
131639
50364
514490
334233
603124
842829
930101
36170
609184
96825
141422
478999
635906
775802
346308
760666
741460
506748
659894
608586
360417
655936
454753
617850
747986
738787
680980
953191
116133
322932
296383
247772
889648
327224
582004
492771
170053
28456
45293
779236
125280
703066
774586
277538
478867
120893
38203
736678
143992
214448
345263
504409
386736
800016
638610
651073
55154
835941
604263
687638
675225
416997
451761
81224
744221
550117
90346
914273
578572
135638
209860
703852
838704
984445
497741
833922
621689
535943
570600
765681
266743
432214
786441
653478
748581
425050
304550
320086
777343
908812
7724
452567
325808
975836
533790
586380
525952
624135
500652
104524
276125
226863
324727
114828
211307
822467
948749
832996
874761
35700
115028
141503
984266
901468
794980
732846
326517
615881
52932
620211
524692
577007
72777
366852
552842
122918
953231
595146
263405
970235
699669
539529
197097
540747
654356
924756
879565
119456
757751
270677
671508
389130
928532
655773
290597
239863
904970
133465
855744
474253
753676
380435
51259
826452
263638
120453
465722
733221
231950
729126
703455
931618
268654
416903
988716
439361
341658
868280
558816
615760
655308
746675
4889
583839
402447
811837
823702
307417
945302
679445
781669
698977
576231
349280
41780
356221
986084
23853
89441
218033
752978
792895
666002
537983
726149
171069
977343
584159
39348
52511
199918
211007
799185
721159
794846
717984
532995
618547
541752
994648
814343
323420
693624
390573
189051
251756
746793
691486
275608
352585
909518
544938
661831
91871
82920
387980
262939
576615
972138
818638
629125
688407
29645
944661
925917
824490
662644
975264
959388
204395
969911
773730
44167
179887
680654
749569
431642
943799
441055
223601
296383
866924
284890
958214
958795
367810
862545
221733
944424
834682
556723
89900
39440
586367
550912
965357
927208
729908
940620
886595
934302
910530
176676
494820
606768
857329
244389
554761
317479
201795
778362
613862
68718
63251
88427
27512
947412
950971
765597
408187
302004
322319
14438
341443
425037
565350
823151
352244
295257
763770
238838
745910
190652
415513
757082
313771
789193
517822
868532
106672
719616
646893
236885
788333
226495
325311
332197
173907
276281
614145
98445
578284
936463
112883
436078
361499
194584
259229
230094
489840
539350
468931
752101
246353
400795
25534
560124
706339
543355
428655
813010
262970
75547
566246
567655
818393
891556
416203
508651
684188
30347
607096
262471
966809
236330
698549
844659
430913
474129
591104
437104
13478
576386
705556
259831
493532
731090
819954
199870
274444
248608
529232
53766
840506
95477
621420
658898
503385
37622
167549
187572
584320
290996
450043
67480
527325
664943
428490
474589
139071
19593
911692
668900
595978
617247
928730
89509
864688
748683
805730
139132
513642
334961
709249
354147
946790
847020
529397
450174
400993
213297
637745
985312
504292
604139
52791
547968
269081
481280
22556
924503
17224
934247
593403
613201
67845
522132
219061
932533
787167
24790
588016
300808
359751
813616
171307
306540
660635
700703
273065
61627
913999
910809
563290
934642
514948
132432
482609
300380
613711
505164
224883
630934
955762
334637
760486
23606
373120
979546
472490
160286
4335
576857
977446
880437
390472
665104
703328
567458
365806
492744
145436
796156
403553
708725
730797
434852
841156
213405
735231
971218
718568
476465
118503
674329
327453
878988
214286
700573
374885
203128
377210
895572
296336
871007
776008
686808
536110
995688
770617
418267
488431
916053
214422
408335
624777
945218
843186
982285
674974
94769
953502
393541
571233
72005
584221
415038
950992
314859
115610
325877
34338
9171
737800
330673
880178
30159
533832
416287
25846
304449
834554
30629
220501
48975
955315
361629
510545
798501
343913
185518
409621
297415
95411
497205
369419
195983
912242
836762
27193
27851
678990
61530
37022
416789
908555
433551
446948
442386
849837
989145
746834
200742
19773
967334
766069
491440
328963
276613
289940
189227
978482
215912
486641
590244
713116
372411
786227
625358
209173
329771
169560
888162
391301
722933
821303
299855
156483
268250
258592
522672
257394
5426
723413
793519
489111
489481
284958
334425
282445
91249
523652
777279
307160
526644
367522
20275
899055
670100
161984
108227
516223
331544
512740
423875
54476
850394
240081
210959
118643
498672
733630
892389
20449
973394
202259
509560
979227
487216
360336
778023
94816
400339
555301
918327
926983
439175
454953
342389
625626
616937
966967
141848
948480
996058
565722
519307
846452
805802
730265
965094
304474
980246
373834
324922
469992
576092
350833
449218
579659
227521
227240
190826
627859
298893
109152
71193
738067
564105
929933
363692
181041
896899
21892
645872
892957
587613
165178
739408
909767
411795
220853
214240
392040
594687
55513
378383
687130
922698
827600
266789
666570
571192
973966
810780
870084
83118
881973
124502
163574
811905
488193
344614
225156
510084
506837
118112
614049
672014
373871
523815
83808
594723
254406
992200
705761
826270
370582
392891
748967
714534
176031
415536
802077
149996
226316
188512
749465
624640
313013
913038
952896
801205
774003
178051
827641
280839
812514
958041
469205
186384
481855
553012
781107
252612
61563
486867
78881
948497
396109
344200
179382
88491
276087
981458
238487
502402
169969
504303
643393
482981
933693
112641
800537
707695
290691
144529
504886
103205
102569
490442
289588
100775
559805
587046
353386
621368
590265
948619
86216
986373
292818
265597
74864
568904
247054
829702
587658
933374
850356
231050
932706
784048
343690
733242
8095
150733
394123
29332
770289
13043
519773
576228
113818
79577
163274
983555
217296
753538
932173
303511
256262
224990
569107
847477
793894
332512
677178
897903
265885
43886
128952
198590
827933
988994
448184
352379
656078
358658
381710
426366
371700
417834
518945
1869
13763
682218
985424
231058
952107
917596
50921
724721
658938
620027
572197
969183
468891
765727
867085
734775
809612
512388
449717
153896
17733
414252
506275
190162
289261
404336
132879
660960
338522
651824
662829
352284
850393
164604
583341
802500
598551
150613
527220
257488
770640
615768
743022
239530
381494
126458
490656
707457
638846
456724
861353
172930
387327
883979
363092
676587
804666
495970
853899
143187
147793
516727
495470
998186
197682
595163
317037
796232
745775
360608
570072
32766
976375
313093
788647
874221
439551
279303
581677
594748
252378
959381
767677
639705
359711
130768
832643
164377
143090
686541
823915
290882
719619
319385
805419
917300
430899
122455
229884
176673
999414
799955
725791
975789
629399
514437
366361
585301
793739
464389
696400
562469
423770
464077
718525
299832
111196
551167
464208
254285
237708
288123
61519
957326
123859
866937
390978
554757
505744
620861
247781
505157
420815
973571
997297
566565
488008
880009
668218
798098
344398
364617
876918
284519
345045
595442
584350
972593
146609
564910
226877
900668
369384
804747
857993
493242
188036
248970
564350
210131
386182
812130
715287
806996
302053
228936
889913
306412
108944
558130
620861
453341
922746
497779
737859
784143
93220
838561
756735
756180
403470
499963
656847
772853
304710
31192
782446
9097
796513
346795
219227
182695
675276
450865
506042
493680
679800
395954
800091
788744
470435
937304
758436
909533
435082
12647
693675
44653
851207
450409
317185
771028
950371
974031
543880
771432
5222
326325
780528
801735
673119
516106
500781
864746
966971
6822
358426
646770
402776
674868
951865
389562
612171
226653
299094
47252
755651
509120
608257
606857
959528
925441
377884
426251
415823
438115
714034
421045
764439
10914
739131
953909
527019
239911
335006
10341
763084
693431
173463
682211
368299
641679
71773
980469
868331
887218
544073
623981
396338
152329
747189
872217
594121
641424
298467
9943
79538
528853
947339
360328
56118
202821
830588
583136
959083
165594
109829
722167
375376
283291
404377
743674
924969
476149
240495
309652
879719
784567
449984
276056
453247
197173
148272
563719
354948
963091
573661
950838
491943
521000
311165
64412
723820
658105
647547
199255
340050
273727
921421
715425
557017
842149
975451
998338
318298
215945
307989
714368
516863
757972
990423
486461
471496
138694
50179
826444
618136
623839
777281
626430
661190
604797
690841
901362
262901
854740
100616
602950
128466
22036
834727
685483
864184
810177
683820
698833
26121
508160
413200
59335
266131
919974
545795
737627
575020
595973
564070
193155
736163
857702
819585
397353
462498
510425
815066
241751
365164
915681
361052
9982
454068
195778
695464
834603
5954
895635
49788
32074
403794
979339
607760
186276
899313
153554
440254
474332
749526
520675
667486
2041
378376
3422
915745
357226
30199
730810
598976
395362
646490
960027
405343
616909
672157
617158
451511
678110
29144
17650
226536
949289
996989
834295
651917
896301
504201
92170
886984
253726
612845
70821
772118
507572
74243
687862
864797
104441
418671
980124
16154
581512
456503
937849
714772
128659
71358
166283
323120
616854
700284
549655
566142
697272
900302
218058
109924
404502
826580
513259
174579
439424
584080
946697
946995
174674
150910
328144
795466
569581
308267
327971
667444
764769
782171
382216
893427
853529
64850
216547
470382
765133
282553
552875
978757
699206
287285
88680
103707
113864
118291
794638
69639
702370
257686
532985
393395
408595
861128
188860
494527
685747
516830
161971
450515
815353
60538
860294
668881
641739
593192
655614
923223
392096
724840
901979
91302
528476
507011
711360
642339
625301
22349
228329
327670
280034
761314
237416
204981
138793
426275
699507
824539
459456
377829
791406
274808
954718
651699
460040
596456
761242
632005
519679
153337
873197
421657
760990
401672
445019
472350
560363
70319
11050
788691
914340
291084
66356
151755
496064
721501
94381
711922
62391
553837
89751
853796
344996
44468
21846
321388
157276
783087
953392
676954
452776
826588
614962
213765
744612
59981
202466
304974
646651
213516
610016
560991
504599
676372
229097
517014
397872
323478
228935
976614
393666
835037
830410
738661
395857
852255
60048
69484
151694
529792
746437
604469
872731
877750
818233
133694
454082
20699
438667
617085
234214
48683
178075
255164
241406
407171
288529
155629
247000
33815
132242
640665
868852
962651
379326
781060
331258
955725
850543
482951
1868
113331
87419
390951
507432
422003
524644
961514
442701
963311
578598
193266
528345
273024
448429
769750
196546
253309
925378
443546
287124
573971
84210
155975
536622
979887
453386
384231
451964
303928
867181
453831
933610
470951
844781
441041
892953
885777
402554
335654
849087
497503
45271
893783
286878
10052
663532
483424
263360
105261
443321
550483
195583
527530
222809
248556
507417
676194
632786
475732
496473
16318
929562
430082
487268
290695
871123
380221
176471
790028
232226
541909
803883
793848
435691
90760
803899
615574
90535
67259
237186
533855
134093
432768
577737
356902
681324
601505
549447
830461
77236
45920
846779
6797
476001
334046
297491
863475
230618
990313
169855
979195
532221
973737
773043
967911
580848
576941
99836
671383
160551
337021
721589
294644
286141
299325
651545
967464
900829
200991
797924
978064
763262
644702
984861
755615
495100
798703
619089
242069
789016
305295
221264
837588
795383
510658
321851
376231
603950
421686
563965
764501
758707
285553
59144
561199
584878
227040
528662
485706
944382
842937
980122
707644
3991
964982
463258
15442
280036
598698
257510
585403
420345
995125
422991
215727
505782
744841
591957
109732
682878
155921
874232
957936
957826
449727
519134
59055
193118
47795
544760
137499
407084
41233
361494
411074
6214
341103
942867
802602
456153
200376
388004
876497
195501
327346
92223
217634
588538
200532
327365
271416
356452
717948
229351
830629
167674
748485
889683
877143
312631
950795
14642
719714
992027
892487
647139
514593
233590
590005
317194
689742
306733
221549
566238
18585
548895
174812
236218
137432
375343
563583
408847
248147
797882
638198
78775
481908
903034
484810
359050
215664
435604
373691
935378
427630
782530
98868
942222
16119
205225
775767
222212
511957
997316
304801
530541
62562
479612
766758
716345
854955
846692
641544
619453
644574
796093
214579
126481
699126
699388
485530
914789
134991
375573
366518
78973
158102
981738
537546
690572
186962
313313
912783
215270
826980
217583
745810
405893
697194
28919
122237
68500
391963
280132
204304
36536
76224
418883
679368
291701
118270
681249
722842
253261
56821
605711
332233
731274
587448
869778
938197
774409
699442
850979
989678
526421
584913
251839
448665
798459
797110
570902
866958
189072
851033
71262
225607
443609
490144
904974
735309
124765
586222
974502
378025
159395
580213
226609
407020
167660
612739
345217
458421
828532
712547
964450
871305
297460
216289
319969
95918
13398
890870
479227
202469
258255
66840
944427
218215
73335
365752
469875
198100
468325
444377
92476
144071
24589
835437
67443
708600
964527
412659
167020
793058
641557
647822
664362
455368
380462
984331
551285
910211
391552
546864
629031
649806
130055
573457
384372
203390
455560
854247
401489
923884
814975
10316
67955
839563
845752
135397
64514
810278
64407
747886
603336
222315
395707
784049
677683
776168
768379
745319
686378
159931
292182
315408
326088
422237
405216
710460
141978
860775
81058
59818
301010
896032
70133
885316
251946
432237
20712
832811
242514
601470
580696
362201
823785
492754
146250
17819
268921
914628
763137
471650
590910
571671
303409
916998
510259
224976
143809
652236
602102
741218
712053
903112
637249
298537
788427
405546
730773
325491
238356
973287
926960
335404
851839
267096
828157
998088
284914
613430
429068
564403
601431
19977
136073
421192
453326
162683
646167
597134
814918
248269
338351
43322
667732
491951
341858
456158
413848
72631
781648
652204
562269
224960
987607
414107
8407
815763
412195
809673
945544
841262
374075
546975
377590
26499
968166
830916
189181
614332
944401
520450
378952
799104
563771
46683
291054
421980
19193
221254
494610
800840
389809
573230
542151
377415
987337
550558
709529
915883
360230
171425
273496
250656
718399
651085
793506
686564
998352
982686
817247
942753
503135
196199
741856
583257
759233
549261
5236
778425
770514
16198
95617
160322
105779
637767
54088
93115
704676
279969
525349
581257
451393
798844
831912
169791
966281
625417
372706
964632
124454
189952
423736
143940
902502
165591
727196
661735
714852
248784
956511
1717
781333
52127
678391
887111
206246
732478
980226
910921
12446
21926
492178
980190
337122
324089
666332
303402
465858
39037
784385
590311
228989
208121
734251
131490
890063
977798
309576
121266
226581
266087
122983
524265
834565
801373
411376
40810
50202
907953
951731
579000
929878
443908
559189
266999
284348
225521
86752
750205
264557
387489
856868
9897
595609
107470
657739
2023
85267
967314
123289
828200
749752
246271
352464
584317
563995
280191
625126
614196
188143
576856
193195
634373
537115
752384
417723
337815
494256
504475
88019
275164
891963
461238
285061
3923
568707
459151
5945
653974
426464
129233
998525
692568
891855
867340
276884
455849
147531
418361
586397
335673
511569
779591
970045
48683
48326
904120
386497
58933
408594
990868
334097
816908
968457
135509
337182
537164
594659
859478
707489
537474
505063
706013
230041
396917
573352
23276
369118
237234
441637
955514
572907
953205
251456
59303
518239
816134
479774
421088
875066
888367
928307
209162
221626
896763
344670
558807
950278
455680
934637
657766
993154
439699
880130
223194
836615
969834
246470
722084
207067
688106
193949
296325
157662
961757
871980
192252
777890
351753
613339
652955
756472
57997
378469
978097
471112
239490
53256
421389
695170
504244
595507
688323
943942
475636
911516
296908
961821
157985
18992
168888
362442
729292
981564
36455
691048
853543
228707
985289
721648
358397
638244
478119
932746
533064
972567
403857
772553
542174
825245
467722
46417
937103
156044
506710
412739
583912
803618
374559
258248
338961
59798
137042
68252
557714
173496
275652
411256
918554
260940
649255
276951
415535
643725
726048
948598
132644
129904
721151
674817
471500
705224
237586
408603
377620
744295
337693
961531
64264
228603
219778
403224
288401
356819
987828
846114
46667
263479
773721
965220
40770
939328
758522
456305
583052
484569
921254
715695
130824
158756
906864
602324
863980
144449
527278
757951
405095
864970
719481
985711
609924
455610
388934
414676
328781
893113
777141
375447
672943
550862
857018
713713
6541
615540
686369
589592
616460
123974
821639
263636
282730
728502
865959
663061
389302
909588
421011
310748
290909
656843
296458
900832
112452
201744
315508
441232
94856
92648
333030
767799
159861
190048
997863
682753
321939
200583
788697
454750
324556
610335
718385
607285
855188
100695
786697
760841
10282
207707
587940
817542
864549
400750
234726
493353
602493
550233
450936
213700
159232
783966
981498
835445
490365
495712
518197
328655
696294
306893
783404
20850
433579
18141
144486
805118
118835
931183
565958
645469
655241
153898
463010
36142
70999
697735
529494
673491
764319
980429
887190
439903
280746
385040
275347
771110
880751
309895
616116
577045
133140
399520
114246
566718
417660
258731
371836
52846
706265
454145
698314
877858
124394
677676
913999
195392
891762
959844
868882
656081
456624
272424
612335
737370
657463
404033
24831
54565
713927
640947
147961
363418
556818
262206
930136
974477
37289
818323
27322
259905
788819
241988
137762
913213
919663
51760
108604
811424
11603
493838
983856
468227
766261
112542
721948
940075
516574
263130
994639
746853
904076
658952
110270
460893
921157
556757
951721
474797
891431
495395
734702
680250
737382
872463
593462
173396
440575
218417
501171
968529
712254
485027
953107
994866
597568
675054
451292
630494
938184
445931
377346
358611
104882
3967
335856
542390
77076
803928
533539
968506
815674
268240
648755
69407
657054
758568
242802
97628
976985
743973
66157
205590
745351
19263
716808
859270
210669
168099
489763
665204
614029
383460
540166
235262
903779
392373
294004
980854
196301
827542
949359
11974
612133
114466
81381
785538
389385
840534
399518
882721
584506
982026
88311
846208
1288
805118
705478
728308
973216
711592
909863
103597
611404
450029
855210
515182
842401
665565
496035
555053
9458
961745
83379
137942
76210
164759
923480
465595
521644
322997
348315
622502
305022
952977
468709
822661
274446
690538
67321
764014
402130
977183
867610
13533
943563
239171
45066
302316
904736
541100
857368
430545
502844
940746
568487
95406
621856
8318
77352
143500
331314
942018
282353
152687
411347
751061
491699
685792
441599
559019
449805
360080
52554
833766
889964
996116
72937
935029
298431
494024
992480
672151
440920
11675
129248
9406
107080
751104
17723
700783
410955
865388
642801
693307
534426
54147
960719
26125
739938
918669
101495
706095
795100
154048
539860
685063
666516
129148
136443
481298
139523
645274
153448
580443
656949
799048
106200
764028
66503
123923
981163
477457
505662
623963
687115
40088
678109
647833
66212
934398
566502
684058
156844
877953
838106
696704
563016
20973
342203
215810
502270
998078
861084
172070
578520
34384
971117
201071
314763
553971
841345
295925
31427
347007
919887
234893
903446
114347
882725
969657
565097
965578
170066
721940
843531
8171
934995
922898
545495
277198
655059
564117
275275
32494
736186
370146
66877
223654
571216
381640
777624
412561
193916
325402
275919
113803
560294
179364
744501
959370
665372
309597
441300
835437
547889
801182
359960
482883
240431
905454
276432
411841
469570
68058
444335
722107
438203
27563
462112
525771
925554
756087
938331
119470
81488
214249
749624
158133
393612
494124
633855
58983
320073
591506
894419
867961
392687
254378
867195
149469
676184
659979
561309
145753
728036
5643
384212
166239
33206
846323
692009
958759
602410
146691
594580
683897
877291
344203
358382
787254
838327
992236
846236
674751
583741
257006
59063
492779
27736
926257
642247
220271
586235
719907
366023
830623
725550
750234
996861
275107
112909
205221
750217
715318
868263
344797
915566
745553
688999
273947
532806
43677
782534
895393
718427
882626
668750
777489
891756
212837
220098
534002
433107
322684
253909
315482
153306
495810
582067
666518
287268
694975
871738
37484
926644
256352
898632
842210
1904
587631
632508
51061
147659
931394
462805
866086
814019
131555
643574
705775
344391
380023
756128
293850
702707
526388
609331
856012
22197
191397
522530
825816
402724
910619
863300
329367
166971
278283
687928
685226
865913
320436
252639
13572
768181
715443
396009
582199
846997
555934
804325
707740
935957
76805
1589
638663
603192
127271
11026
141741
318667
49907
967556
237742
960526
347207
567109
643848
625490
771388
845425
7754
91823
98063
537677
860003
329858
933685
958554
176854
5971
279230
400945
941927
872386
402533
96941
475578
529803
107966
133670
364822
674225
617577
118915
151102
964784
686023
794949
106625
973763
156725
114378
65585
771140
168407
441940
100997
618443
916845
277850
624413
712426
195147
566339
584812
597679
179631
60389
643834
803949
710410
525007
478173
327986
643921
629274
809121
846296
940574
915745
820058
97298
546475
401994
384789
714881
360285
485785
333323
277129
279987
474088
989555
475133
556778
90718
589163
736409
667458
232996
540357
377867
274354
534881
705852
918275
164154
31325
280922
621079
947069
617331
718376
9895
19324
619517
724775
379609
105301
574450
173089
385287
48537
678995
860419
605314
769712
965934
858074
437169
198929
914782
815035
989635
449662
37239
424261
130167
68563
705182
751245
531983
322512
985973
541878
858187
605489
783004
754147
710789
873805
927236
612428
438693
606230
989198
560359
892294
955131
418432
329462
670412
333214
660849
660046
782875
214439
84306
913042
799353
305839
180638
331335
144702
166610
389564
519240
772098
172568
273387
999239
562724
200622
611666
1417
323203
117215
561775
731848
72346
980206
577662
742757
829771
238510
919154
128998
969300
3459
558391
768652
825649
739028
616338
486702
905638
5902
5941
194087
694821
279327
709677
257544
996300
321342
258960
835855
438557
820734
567702
27254
317292
145363
770010
147062
900224
689163
276059
869523
208973
834449
638174
550973
573477
254512
37674
995466
260413
43614
705904
471585
839293
415581
729128
835592
253274
988088
671446
208182
325173
239148
235435
642464
900862
521796
789526
801086
727310
581936
670608
452634
416385
825134
3606
506213
79645
557631
18030
856409
601245
723933
327993
956889
139513
57120
792480
909139
561559
980278
117320
886732
735777
352755
45547
636638
874550
351424
954075
601860
933360
624683
54493
866096
449816
574451
888660
45812
132081
906689
902220
249677
146973
746564
206565
802838
320035
999045
711976
881594
495674
829295
284677
231450
182049
330223
868087
572951
681647
822162
174810
131358
963196
745654
997453
929363
320104
886112
975174
452185
309152
393745
701861
456124
140308
908426
258961
976694
423822
970936
858287
919495
316583
142963
667296
498631
989538
51734
71581
671184
873895
762742
318893
353442
508396
316345
282804
828499
718808
774329
280683
544311
684425
498896
434
341084
923673
775747
317778
347494
263034
692416
783340
579616
835379
450635
594599
341268
502368
666179
528803
892615
945273
847695
246056
453668
164039
45212
282166
399198
335892
79201
943508
20317
94448
460293
877752
18120
236039
195529
365613
15425
887945
665304
595040
239675
115938
189638
580942
618305
372169
626096
27271
317441
473790
789679
771108
154180
351242
569625
553377
687133
165177
496884
223801
259624
957176
101553
277743
709567
297081
159707
724991
701377
825010
836382
941051
457299
26020
38344
591956
914540
664439
619226
231980
138228
408904
519439
292407
760145
605415
362135
963630
286944
375370
187430
546567
848898
805334
340662
558464
618767
500368
799806
320143
841730
636187
777546
299028
662206
815889
407335
93097
996680
26561
841428
651259
951816
877218
460018
228313
482633
822152
708294
769576
197522
412075
832494
46419
217409
173155
121234
836175
189875
921039
156317
547956
557225
933862
846983
735783
266103
770670
828879
262782
797230
186659
430392
265397
63876
890409
493709
546508
712561
202002
832435
426434
130429
664929
989204
347837
354435
110437
184011
544309
31475
856679
92264
105051
306893
455599
840833
89347
226268
186064
868480
539849
372722
298871
805245
952949
189280
815306
499457
418192
533659
848243
844625
664087
513171
833828
528275
867606
944264
712285
928266
492090
85316
536882
113492
908560
992480
470677
997906
735099
656740
866385
274947
545813
165255
596543
498761
870886
928200
514569
289077
461859
362812
133701
642297
392334
483880
170572
776291
944495
399208
704557
436584
484523
241438
66428
909434
750269
537104
907339
485367
710195
290075
276665
256007
455330
389559
271119
842567
317759
302040
131644
295969
181203
265344
938265
573536
265576
108836
866179
210070
24396
570735
646654
25270
328524
229433
934704
78792
766536
842042
80510
476730
132117
357174
249088
103798
746732
36558
946364
580842
338597
78007
876810
36151
859703
815075
126039
125278
440262
992217
335347
464657
562951
498352
489927
891474
727784
424630
486617
10671
783023
567126
487400
431491
440651
736487
51640
703734
773045
998004
284576
627993
592362
161385
664144
968416
492811
790182
610045
449425
298750
461744
914081
861700
476447
920359
269525
720583
861340
272493
731253
160715
839618
218653
592205
280268
471491
643845
984001
244535
158200
268576
388880
266913
946313
53023
751681
439123
359556
878077
404899
174657
339820
835332
36356
332619
755690
822232
53201
133382
94724
300805
294096
450693
35809
886300
730960
507300
46496
231312
268186
721047
499888
657065
504312
962552
226439
255992
918026
102346
134068
322925
277002
990240
158256
829709
322858
430297
168292
892410
563678
263015
193214
857773
713707
229023
260425
961018
252674
823272
192330
520859
60671
208569
694276
564982
171120
920714
820973
605497
23060
471392
928421
816413
461631
603028
646122
300840
33325
814413
193249
597002
593780
902815
971127
823838
648189
747903
784856
900862
87526
493537
938072
148196
702105
632347
713177
389576
553061
534149
995072
92472
521893
439845
908884
499875
42872
71357
800715
592548
885770
510315
189550
479549
413129
677028
303386
577669
941282
604593
478530
28807
98129
932954
177003
316585
565300
890179
706160
634712
940680
217584
243535
462572
657428
668771
478798
216651
740127
795864
809199
625896
306179
515100
621796
235659
708479
925182
813328
649760
46126
808209
678566
144255
741162
371920
460839
822814
262099
683351
457525
719130
900934
701060
698053
74713
369830
176850
807715
626308
972714
133265
252204
278892
648364
390351
30902
873194
831884
360581
522953
878010
168790
717871
22264
426303
89790
999454
249116
868240
682804
706641
587369
100089
924052
285421
691153
810233
462271
15220
436540
951336
148484
205095
746579
313200
111798
777480
186393
943681
138061
225698
821690
823202
943568
843953
249504
549709
359759
14972
417949
558914
237964
5317
659003
678367
807090
866507
488599
785712
881726
441490
737047
546562
162937
483625
859761
274734
777456
562505
734766
915516
788202
556456
255069
248121
916760
20925
797830
276518
35896
215778
835432
790211
737446
10786
468577
544535
393644
473527
330246
275370
431368
583644
338283
594304
67268
198043
385389
844724
760547
120155
276591
65101
192962
48012
313221
109721
68936
111050
902591
621183
843179
738022
411393
580625
265159
879969
641511
658802
353495
488109
450523
784862
71752
788805
895518
655372
503199
797258
500095
780098
917412
293037
845198
626725
341048
158418
736446
409983
785820
639036
547517
628998
893409
958909
725974
158567
838877
883837
333720
708723
371945
784243
9937
960048
89399
905454
615419
592598
219063
631865
372695
652827
924902
734244
279551
265949
892661
15996
192284
678480
171383
739800
823830
581143
698709
549803
256061
53937
949991
589781
279012
321935
890375
288948
798335
496125
710753
413753
88722
929815
45618
977768
582641
486871
228363
378544
752819
637376
394539
461454
832207
82274
201254
656036
663416
416314
722191
919477
470250
672181
509257
265613
510468
915983
70912
308802
412107
781664
238906
17181
227831
800875
511300
326823
287745
739663
705366
556916
377038
616257
18369
209244
214882
219622
381632
878297
152287
103822
797773
622537
776002
823381
404501
802821
255715
475413
111622
667822
773428
866880
201354
1258
667754
712653
844433
955499
968667
66150
512414
345704
198758
47134
71300
413639
783108
452931
808288
935394
556752
122412
557930
849105
945793
478783
651926
717859
954195
279899
902032
727622
146778
103385
245232
814532
332390
89664
286382
301056
672165
315147
646760
870923
362280
718059
284561
145387
687341
92848
80781
244092
215260
155062
93196
677404
633844
261473
911614
588038
57724
813646
832012
204501
917030
77243
535384
765771
683258
338117
66827
355422
653263
229938
742696
531895
947996
543609
193633
635336
636456
274413
395779
368067
945827
5326
561822
579670
783151
473436
684060
840874
803433
32423
561726
236814
626017
97110
2585
309274
951578
69411
181047
121193
299348
923743
653087
763695
467351
846719
915382
620158
637484
827512
504577
583310
832837
582750
679331
615987
56185
879742
973212
375969
912164
534938
612783
538180
148399
615367
363805
99976
201129
544852
221168
16828
468594
390606
780522
452296
237325
212255
72453
391160
39766
577029
490821
388954
159779
170151
521293
732315
566245
494504
624636
994760
29441
237418
49292
694191
369136
413096
794167
86616
474299
531686
103443
459244
922292
400316
911539
675968
612570
500344
583479
168687
77372
74299
73992
753502
244449
595284
2169
327045
89788
626804
321805
635580
380573
371096
329771
749708
300543
640289
352675
774842
171974
456117
750437
610617
372784
661976
802936
501705
162319
386414
186743
756042
977064
260734
25896
737865
856018
28064
64909
462157
171219
386713
97736
551791
274160
943858
817850
91055
584146
170524
382248
272472
142992
132684
399440
515775
311011
202376
533831
473329
105141
720573
745723
82205
981306
771618
820069
837323
316033
401329
299479
487251
788042
913567
39041
578553
857424
856890
669607
441570
543765
568206
230393
686756
700890
629832
718882
11900
348559
769064
1581
453700
489636
747303
52256
987293
35272
388676
824616
351304
790004
640446
354906
94397
70364
393946
672950
927788
767187
858908
885709
827303
427114
116101
30410
644355
262284
749291
656254
610843
34706
657834
580894
524341
921488
633149
511633
473111
21824
852600
824414
328179
9398
695671
422576
79761
89616
611877
523900
373154
470784
409608
200456
414249
42060
230865
58603
304344
496507
231209
431538
531212
889042
12431
571904
326882
645579
83537
799992
183754
452488
140758
511932
461885
836428
450859
57998
442396
62735
581897
331901
533519
507857
532357
464119
66268
279573
522722
886963
292432
753930
318500
823643
159323
330930
395547
2556
492860
995435
802548
192965
964274
943305
221249
942511
296084
672107
508
738479
734842
98756
586732
784712
122964
119088
248830
189232
915012
287903
592546
207443
558184
911046
31086
233859
241975
942984
236414
251187
454770
555313
444151
419043
14969
181751
361553
311053
853858
878412
565883
105051
493520
152614
889762
616483
788053
654943
322066
703065
459198
914612
910507
533733
342009
457944
283943
100335
917279
520357
351521
888400
592021
312024
307443
606990
493774
185347
434394
863983
63759
276
969033
557278
669242
375146
690112
973646
546441
528530
193062
521990
959493
619921
55722
301501
77864
339665
401835
511495
376373
753356
399894
968393
581731
223688
91734
591856
409035
526127
455839
989145
42755
941223
62774
711996
832721
752885
201993
895513
797766
395055
933854
757258
14975
505927
58758
609190
361943
460593
120684
738315
730300
36930
223060
828382
260617
314793
420237
186003
840920
392427
175147
400026
850002
237920
628373
199074
507157
830365
610938
304922
225419
544791
578532
240393
50717
637289
365935
412660
614233
486618
667326
344532
39899
890385
689265
300516
721530
109502
486518
78801
18280
178017
478826
384633
415936
107198
583706
439444
937562
710995
260718
679333
255785
839249
436077
822854
476537
802011
235513
90770
804981
419190
951653
844879
825927
640918
145394
547456
266771
148264
142608
801402
326280
621433
186035
258567
244982
286092
698011
698895
997087
958728
378227
769223
797976
330656
592076
790864
132666
827588
881633
937646
246778
349638
782525
72704
506907
444270
136511
290029
108885
279118
91430
435164
416902
793816
693731
661883
79908
391741
360777
593346
866820
255356
362568
664795
586011
954644
455658
718676
298583
853643
172674
61712
719632
471550
134415
226538
915819
787277
516566
24704
66394
607995
976219
999647
918163
669949
661529
998070
578041
22306
107767
961212
794013
470334
142358
380023
941329
114368
615050
239912
968010
787723
301623
203993
259272
952390
430530
691443
256018
947095
232498
322412
71441
208716
322058
505955
395017
499939
20376
489409
38596
128142
450621
832608
114828
592978
728982
56156
707345
344031
812419
191706
131754
114042
395698
907377
582783
342579
115171
838800
806025
347668
677563
393818
72736
515973
899772
467752
15911
920148
473512
570858
48289
924132
403465
163116
33462
132446
735624
257158
992828
548042
448864
640933
178435
360913
64662
761217
703492
179832
116369
509516
43852
310283
419685
116587
826255
319457
100690
358517
239604
574201
929374
804244
14685
849190
483712
48146
497987
219335
305303
7167
767376
270518
648099
462163
631431
712760
739731
851274
408944
856099
877141
452795
166382
296826
85733
508988
616282
186422
867505
372237
276974
313230
176480
291658
678772
660191
339803
176758
879525
645106
183924
163253
431975
348375
625415
63405
61134
881497
431030
470077
737596
308171
439223
420329
121348
524955
929316
737629
227728
313172
626217
504702
626402
802696
796359
305173
462887
652514
998282
858763
813971
698558
538367
245945
46932
680133
825702
624417
561630
256731
94494
815577
81253
50068
235905
202600
575023
165220
456580
802750
994744
82796
823803
621145
885492
620162
442669
864730
789027
957302
239844
602997
655859
778211
365293
702790
974695
190994
327207
536324
447725
938052
868252
45329
988119
104156
247929
79493
785728
704508
882243
780471
787304
222397
917967
189147
358910
876987
570228
147936
834288
810071
267284
490147
104633
632577
192936
595680
823570
36494
132003
787646
974545
516607
832975
479016
620762
597255
558508
922841
301762
957102
703311
605417
695851
137629
310915
54760
14615
881142
202696
848903
207565
469979
339049
828549
618907
48336
424228
442477
84830
72583
746474
575726
589189
95800
571093
209950
693054
645953
132791
511168
603054
352453
116584
298904
490082
943851
353664
504696
824992
72711
869950
548908
542689
208998
377457
677948
257334
801684
120424
858515
390618
383249
434240
979806
995401
5333
706108
688454
167637
355250
715973
770690
707702
348909
585946
714135
292759
455961
735183
634102
45023
605132
183010
104063
330482
76818
782010
587815
394853
418785
962681
785471
318386
396920
765276
313786
918604
471383
518591
602592
826632
234564
373282
534334
583472
475579
764820
392582
447891
500002
26683
9265
621486
726044
113327
951967
802861
895337
56133
197714
830473
18813
983184
148858
932084
264811
462643
367040
736194
981234
969631
562825
732149
859264
613510
831972
851194
894682
224553
299084
911035
767587
308348
532520
9983
938027
484486
329195
349715
540618
43260
180187
559430
26443
329045
491514
807606
791687
858553
543799
289272
344535
622975
537772
203799
752837
369743
54992
647518
110647
354076
558552
394586
178775
91072
404568
633153
91909
733762
982867
632527
777022
163054
708308
319816
8450
716173
127421
316488
91077
187571
122112
435612
810546
659883
639410
563382
29626
694401
727251
656624
564828
285802
51209
259955
893225
972128
893107
501486
705890
392326
650364
999263
71731
358671
835430
596532
74844
962851
913019
682272
150421
35130
117883
477318
211365
757292
557051
757342
968045
284301
413965
49224
86455
981526
309178
496031
953653
718637
997516
175894
627314
647879
175156
699044
522902
10586
295575
114097
489788
724945
796368
156560
276427
914251
150230
487791
187894
707280
245132
672290
507933
659096
721514
594387
156973
30691
90417
110626
265679
604285
286519
892992
768515
978027
108387
291416
504964
920313
405512
511103
645258
201880
184014
921684
632482
334243
409474
336727
41523
170957
9017
549455
346404
730530
660193
503377
277572
266961
130354
59603
871245
416872
952594
639760
911250
577333
931175
416213
497645
853039
443667
659254
54918
627681
580937
687399
961923
506762
24125
3445
194070
549493
69251
540474
796374
729443
560202
590298
996404
690555
649900
384000
623778
118845
540111
535028
696177
471286
467592
710174
324324
911259
369427
895593
538939
466716
99343
17213
489829
639819
537010
683899
189312
606260
740724
502037
852055
300925
92334
364810
991479
742233
748809
131608
861078
288920
666635
73606
276557
134227
300131
117232
561837
669558
529176
617127
652625
628518
634339
658805
268336
687700
859055
973999
810312
599778
476036
662366
417054
568369
543527
924884
826954
292335
56492
204383
97606
239478
794340
890514
373704
94471
7745
451892
280380
536920
69018
933004
165437
219709
108160
950125
907408
967215
440475
234071
83344
916510
896436
16750
1231
439962
941633
828184
248649
514476
32566
862606
753954
826905
753120
644009
437727
760864
95901
718106
814136
681270
167461
495924
417330
275621
446048
841090
242835
402875
75160
842530
319384
971596
859279
320614
927909
800912
665149
692909
831739
214066
555515
585692
557323
308634
746053
995049
585849
841953
713155
399984
39574
880615
895908
456904
156235
858307
297993
915421
261181
373152
757951
96917
861099
617229
933882
305360
934492
599031
998268
766231
329448
553782
868274
886770
378767
614326
881819
964616
972630
594973
364599
12204
991939
776858
469107
664526
151517
283451
579946
412697
656602
854248
25965
517701
987829
959847
823060
922320
75229
337679
204902
404676
407813
589528
291446
786579
203853
173264
751194
692835
284588
632145
705038
276526
409002
690496
941051
560518
973946
37349
489567
146899
891596
31883
180951
395776
991729
520362
834448
583309
858041
39349
987985
265853
145228
795782
568783
865433
969045
319977
558267
253632
468473
263304
46509
877474
470151
503912
954344
960448
541260
960262
107346
949207
992144
288297
344983
500225
808658
179430
83533
183050
735130
71517
965254
880358
867298
534037
745790
352694
854013
304056
122677
322485
83711
169186
716310
553861
189449
187005
30660
730708
147266
138005
679914
655762
942653
541248
155986
751311
720677
239518
450712
972159
827387
415966
852516
694684
950002
114657
563730
320366
418712
686406
159202
18774
371943
875511
88986
561391
62516
119645
808450
726133
257649
4716
381894
200302
545963
54231
467964
782992
293749
918675
755150
121135
334640
124017
332170
284641
238673
412251
121358
657384
98657
280559
192509
986951
156070
281494
64694
734937
401138
389495
977421
175138
394210
875667
375439
456525
929897
359754
239516
223645
278429
511017
861131
129420
635033
709653
930413
873705
121903
51770
47440
736911
332329
239948
240214
4750
37793
304907
739686
438930
210753
233458
614067
604963
109124
505858
61487
39021
381963
817354
779017
176743
328370
156500
306163
963402
866152
236575
353458
988054
804696
917249
241317
137024
157196
481530
141773
711340
302788
397810
150269
513540
631268
280687
634854
256743
302896
696340
812115
684859
30045
107484
861601
358414
263983
684115
838167
646486
437041
707976
150891
241737
625224
392207
895112
298771
873736
36885
10110
692875
951046
676730
206415
98665
473769
841268
871760
776664
53960
683874
977874
84004
791357
355827
958770
571691
556293
313288
218176
993334
21264
369067
235070
646487
761273
646533
945258
151361
199769
471719
844235
150815
148449
567001
765831
622217
924621
637590
915232
978580
837816
409458
578935
145524
281636
537704
717215
837928
850992
935390
831261
388607
304456
582682
35093
582081
229215
496702
249793
945335
968421
94027
96149
633221
177380
378332
255437
102000
532273
687020
80579
370088
612829
175865
515612
894464
713569
232826
732392
80912
684567
80004
469518
505375
179038
20962
87455
924604
517664
337247
869938
2436
947625
482439
635656
125004
860770
407444
743355
393042
610815
823933
279482
223644
516150
795093
118107
229718
544270
366850
826981
228836
963206
812850
250562
142243
833811
854368
583198
351474
707966
453135
870261
655591
451925
22268
296946
312694
429711
40301
222088
40526
380585
501569
264169
896734
813013
898627
642803
357282
265477
986135
102469
228682
798984
869383
887276
632795
723750
470473
500620
431716
439959
887233
603658
891884
909500
416955
720929
339211
973607
943016
896088
354192
960936
676608
767277
773948
575234
926432
647581
357062
428918
266402
585743
227902
135784
989370
377048
859533
459842
394019
291248
899801
281251
411257
308036
190751
828212
28964
46313
801818
488332
458752
672361
449267
135359
955990
739567
226944
882421
387147
584006
827690
653548
686100
55591
305683
675470
948990
165216
651663
343009
972815
67815
140611
384072
375850
331361
728635
921166
894025
530452
409497
352776
202813
858763
4486
675154
114681
231430
557574
501828
331787
385263
671727
534238
957206
977410
209707
906195
658977
377722
765555
631791
961888
906166
532214
337738
753878
260848
775255
647903
307652
184751
517030
26816
559865
521516
701969
674546
269297
775894
176373
601083
677508
364451
135320
634713
858212
861379
57260
517188
755452
822814
665331
717339
245331
713896
571428
999209
974744
346682
163463
798747
531432
196844
825562
91297
718359
527530
282194
504007
819775
458566
105089
497282
339368
756761
131995
197580
134491
705606
231119
889942
44771
896449
607280
290102
610345
695060
805662
101440
41741
485476
416538
89525
682319
242099
697173
917030
285980
979366
421036
105754
954283
42477
603035
293650
799237
251381
7581
450079
473338
238700
340020
518109
651500
463651
324562
778196
158710
130223
395987
716803
132050
812524
806327
814368
570974
503499
731397
373305
482864
668785
479058
437146
711261
598445
247147
26849
366177
254728
476927
839515
9779
333298
873975
661278
313300
198536
955826
988362
845110
351812
705164
977159
680688
27842
307878
768013
47692
39275
141318
46907
224411
136727
484052
935671
251523
247550
962519
617700
502277
955797
973566
28407
805446
847540
206037
118745
562427
161862
107106
923888
30025
812269
417398
227064
356462
725275
995077
404153
280901
136394
451059
505311
789472
451462
440981
40995
699012
919851
658694
717640
391999
148611
746047
197444
512502
952083
316189
74928
630296
939646
515167
176672
751915
932564
403736
624728
657838
398812
28881
938739
51557
996291
444049
841028
447753
401382
398374
663116
837584
57067
380755
745935
722029
643153
943378
234530
111587
775918
825809
258234
715564
340975
434906
983830
273538
838641
608557
447728
753804
153789
902818
321712
150080
863218
679091
114184
264599
77465
777299
618535
650883
674405
364469
372912
833910
824198
123793
945496
600116
949602
203730
315679
806928
638635
815860
596818
993627
424416
44545
263782
578205
947362
585493
244636
810579
780935
875171
591530
858399
168821
210064
25634
843225
90884
398545
677134
915081
522337
138982
515196
988290
342711
347226
795218
497697
163085
392035
7675
103853
952931
271456
198409
900292
373300
443044
227222
670586
834566
818751
528985
3386
545166
554618
846610
152401
469514
40096
67482
508202
179077
99029
496492
38139
962607
291709
52187
125691
200095
59861
229543
153025
847668
944303
569668
737319
387346
796889
407904
221911
131992
453240
741648
193509
7857
588258
345910
993722
144705
929743
501924
840133
28771
998415
394623
991377
806475
446809
633420
522921
23021
379314
675945
870688
323617
761964
124358
227314
75204
532261
965577
207195
985501
707224
917056
509709
811833
262965
503431
956537
192707
5354
796669
737829
520120
191291
245558
326594
154451
395329
849514
177471
774642
41810
564510
98258
803773
688867
841924
395328
737480
807500
602523
722980
514723
35930
232688
326556
298894
252470
799444
7952
257823
112465
262132
294294
303755
24041
620887
974558
419369
986752
152028
194011
544913
232890
808620
865037
438108
650543
260365
175587
458042
379239
414918
489117
415168
647606
332024
230413
416427
131467
754716
190602
243931
16847
484895
64038
557240
622134
38595
976608
608885
706974
686970
153798
456215
495590
535186
894323
662484
795550
69909
636878
174788
484827
125994
106307
648784
974369
336719
65210
105835
91434
772163
866118
624633
257058
930155
181872
879191
485101
674831
4427
708426
361801
674576
164641
857390
209762
58963
36225
521663
645223
673102
212803
130049
315447
319109
295184
289815
655828
876746
395650
263613
648908
778119
888245
422317
224625
586468
817859
226077
261299
822286
934502
623099
13213
99142
996840
739326
674456
33064
260989
319679
222518
473791
966079
537964
792899
777615
827779
965078
654360
739780
228691
303267
517898
633287
241936
258874
736107
59794
484950
997405
882079
419451
136855
411644
34945
650046
150969
225752
199461
411957
61782
421978
402099
544213
959942
194998
321827
304072
676427
976186
43851
905117
795804
78100
54756
37739
336973
307214
613885
338274
820970
495963
274076
957824
423958
309020
124221
574927
51124
323681
503235
112905
745659
905334
657117
221952
100331
495295
526023
293109
471480
86225
714578
783636
680676
769333
337726
534000
76546
951610
872273
897515
963925
146348
371690
387882
971720
495910
962808
22843
335942
466043
652099
81600
371376
309216
303551
988058
804510
345925
797518
792342
432149
512095
92329
112824
281427
430054
646823
874324
898016
35447
288190
861940
181795
659879
766173
153514
672140
245333
176356
8082
711375
828454
606033
599102
654021
425936
103511
974883
771860
901028
283576
720361
413123
375904
349536
210901
322309
512711
601577
220324
548157
889766
598615
246303
65997
881140
399816
254488
126472
92523
262569
354198
437329
384954
953299
607701
810889
573161
98935
99100
990540
382510
335812
920014
274765
685348
647267
597074
714410
248843
333749
778918
138608
448716
25221
204604
329855
941388
459092
456326
550263
238012
810523
987591
139317
280173
111643
950205
369685
210578
565657
360224
593087
901468
796590
867852
586815
443856
981277
817576
692698
831377
596494
347657
280092
621714
552261
126298
79453
527704
98975
629715
282067
909497
617305
421384
706021
245300
887940
75705
455877
453596
952281
565315
355064
748870
949518
458230
192725
930794
275806
401774
762171
388651
749430
558614
526716
818042
201264
606168
862097
300238
235883
144164
209735
369539
81899
432107
614838
969838
507812
587066
423434
976444
152381
294849
725313
101898
753078
434389
549044
545235
352514
827566
450237
101943
902531
976952
436337
103794
583120
298433
404032
819002
442596
130118
704892
40846
562224
319730
10684
70035
423147
950469
562830
575527
761669
288142
193777
31098
238882
742820
92685
591395
86737
542921
209690
989267
519873
646026
93061
102992
944458
497092
438345
903406
627209
143236
460603
189432
979317
471286
775819
402464
938106
338648
494342
216126
143142
688118
247224
898375
947289
339908
6122
550377
882828
215811
539644
402700
378188
149056
22043
322645
646147
460387
742402
789707
119975
203005
495490
99291
190642
787660
18106
645100
642660
28800
861225
785801
233269
108448
200527
180558
964707
206648
247286
847535
422458
786929
766586
800645
935984
788629
639642
98482
765367
382043
888188
885341
101399
900030
500984
292041
687689
519089
937140
330348
547888
314716
632500
781157
939516
833027
478066
904222
39674
725351
268108
978484
28632
34694
295480
964615
823322
935121
579449
105040
833516
983988
990381
451266
884017
491364
743306
571706
526804
196797
418405
591044
27865
50905
888552
967380
400283
366617
871601
956308
608319
656061
934791
153302
690754
230271
634269
30427
681743
213717
135466
31610
197704
125846
482876
81721
133561
742533
169778
660365
455682
104534
251408
483546
155438
139959
967277
72072
22927
355229
28380
147597
11289
479522
300899
702042
226144
451519
732468
907887
665235
384286
455848
379290
26483
938723
977362
160044
197608
147139
820408
653289
251673
588167
653186
923462
244477
620462
511886
267403
975690
540265
931351
986979
19786
748601
205372
245930
200119
454192
670168
865353
838477
126015
760995
864959
581090
738356
25002
295049
885495
361761
948337
653519
949927
117874
93332
194403
738335
605217
978157
230376
661833
909508
733706
197971
658108
939078
443900
858227
393269
630419
239931
231745
272785
925
613055
853874
739281
154409
148922
141127
516169
613610
310997
982448
731483
404328
693202
986169
525897
187711
216545
187729
97218
950250
385699
271677
405679
345950
646255
798947
976368
402538
547043
249153
919814
160098
619378
175446
314506
284652
832924
347026
898261
143920
329473
146096
64600
539027
132264
590496
726737
865160
294576
340306
331762
680275
611982
737440
26224
774589
52739
518944
177126
599781
284448
613291
276230
903825
788737
590735
188476
621660
454113
603089
281932
783585
749184
346531
322611
397799
453378
565699
262959
747953
906004
111072
428227
517986
364863
970803
808926
417601
489746
502403
17382
774193
115693
293611
194369
420781
400698
382845
558793
854810
985933
840724
154746
735116
703606
993709
132914
156983
559407
912224
904935
465411
539647
333162
499748
904510
820316
308673
322110
310061
327427
855843
600605
443119
149454
794973
380252
66503
694169
939044
437664
680101
779767
592409
931568
999724
102469
580834
156706
661876
9409
61640
643638
549056
911153
143385
453565
731468
968409
775674
557880
812187
631517
674836
771657
297322
986161
151908
880176
680329
90951
317839
876782
387069
426599
324701
386792
529068
905534
59849
707295
431295
121489
350932
980350
32641
10668
950266
280461
495428
242291
354692
307614
390159
29528
79270
687480
15688
231178
84007
212368
838480
918197
89149
741901
861148
413850
645044
390215
835735
704893
613861
267029
826381
481144
763730
375373
491811
713995
172185
987238
956286
526877
811203
346444
72756
890472
550276
88443
638001
150634
300810
992833
68831
906311
734733
929978
320160
896128
836544
672246
601020
966756
939275
943752
447899
219356
835477
939709
933351
7661
443298
405988
50889
254500
268783
123644
661323
819058
728438
815676
486044
545600
808508
554874
451910
59592
1203
288421
955719
354098
960666
73091
320853
416292
16842
768751
152000
368670
708459
601702
376331
668108
7689
943571
438959
792823
67215
100281
128233
312004
432308
614276
857603
757167
685501
825864
333110
686703
630636
805181
557152
107654
878271
878004
40297
411464
646754
192296
780134
871564
793997
672816
539671
318037
616386
494981
110860
683600
595261
755444
511956
543921
369719
369558
301087
55219
711774
634197
258273
342409
439377
815424
450062
317647
693427
490359
245462
856532
682654
25595
244447
993003
698410
784117
827391
314796
279097
454602
514747
390709
210045
26702
934629
579763
912612
752068
151333
624385
386264
925957
966793
341992
741380
933207
659638
951158
423565
421451
324041
622570
447046
568487
615572
661807
868955
442963
976602
664403
897564
7701
55112
623961
34402
506092
720075
463365
774511
871408
87749
160774
797364
570894
502765
55096
20452
678754
522605
444016
100205
846646
582937
63602
931484
198509
725408
800439
157823
218362
464841
571738
226062
36304
195698
776815
58748
915773
240180
833258
303532
844280
510384
617247
931525
529500
188694
951976
724606
711299
912343
341162
74296
495280
404763
5779
210140
130170
806217
367962
864883
787410
456051
90944
823713
168101
867759
882460
600225
107938
232070
420108
468569
742453
37354
400094
271952
742400
352069
512909
970050
264412
854070
560697
759691
258832
566475
486182
905354
889044
370495
770236
192805
826545
861180
16517
510997
728938
415329
627573
353227
163750
47680
821795
906202
601386
738240
694505
343785
90309
207414
830186
871072
61483
390882
147114
836667
473708
633295
742020
362751
3789
28607
555555
346685
889786
88424
857682
135075
20104
1606
4653
183853
49286
342800
606406
167023
81039
817262
510807
171347
541027
857344
558770
118862
248225
705883
955528
721932
855529
213899
601035
375669
242505
672941
722354
648643
277716
96387
300069
297819
97992
304722
998023
663629
163873
120780
830651
244911
938042
857809
932610
995420
715152
491379
114281
963376
713614
586160
201660
569142
316410
802694
461163
558915
991986
183516
723909
269702
279902
23977
567520
894245
845050
81895
557874
8922
202674
388524
770185
657067
246333
702794
652487
961484
710524
283119
441212
424137
869279
159223
509631
185688
961916
970793
260954
953901
670660
984862
739954
466913
525191
307474
361157
886592
389368
919030
411866
108393
307554
182050
765460
70238
884843
417946
31721
111718
701064
989284
535855
86694
148506
561837
272382
626773
48981
49687
97026
719640
550901
836979
702904
592443
660804
64060
479034
50171
983090
890899
158564
806995
72948
440375
877232
474142
858320
425304
585860
75735
930940
638066
162429
79445
716254
951162
222570
765234
848
319595
1225
68100
156573
704128
660542
817377
284539
139576
383899
783980
546826
58814
590974
136126
499188
984557
610267
873859
926213
712478
949594
373504
350543
628374
969300
583148
579535
191869
864733
96734
511463
865957
164834
184388
86436
341727
518116
887327
997654
418366
671306
544480
993532
262280
680605
9071
763188
807223
399282
205752
519701
348875
579255
386595
493600
548555
969743
73134
740423
834475
686219
768238
216784
367404
468977
819571
709131
503444
706897
223136
438161
378203
767615
431692
156834
964571
957115
436373
288146
356396
642125
807846
221622
737731
710792
715221
286285
196886
304706
543060
31361
990924
827649
764496
358328
812977
100418
583810
832772
807315
806945
270932
701869
90912
218976
375054
55482
176090
811426
343627
48837
969902
667824
786810
707633
894968
502030
510269
91853
806735
569680
639565
797658
913680
920412
672337
726656
20830
256146
559427
344496
579443
346711
46364
670354
565686
937769
725835
258127
265546
585814
823315
235448
769989
610124
459432
664956
628505
486052
273161
435239
55732
912725
749248
485763
833137
937937
728771
370318
710434
804549
714813
289876
151259
277528
960229
233296
215296
202416
7774
480841
788229
831088
232640
74569
957563
692071
255877
586067
694475
529037
537657
266558
958113
803257
752320
307601
741193
481090
677918
967978
285639
392730
257854
436897
670257
218082
186545
401904
420497
194318
882745
725077
541758
115384
315998
499320
323807
571874
601739
18281
617262
655747
284838
575374
459003
37157
882975
716547
34599
560892
684525
320237
953622
942378
273485
140230
676811
976381
542134
97308
170699
941230
338736
228808
56613
654733
244479
896771
742958
846217
915051
360219
501964
716240
935593
477318
269749
334919
193865
304347
412162
394741
140935
882135
853470
930771
22365
530280
907152
80850
143939
594202
22079
999027
823009
595043
170111
67487
491814
913069
430056
923216
273287
448371
639456
725231
925688
425556
576501
635904
246254
988663
30644
387188
870797
400465
834310
893161
930745
257813
974010
591035
852014
512440
106413
191374
107483
276524
775213
599296
189592
205268
38863
979230
653638
194670
704461
95677
620225
280961
731581
866478
269623
278576
770017
140420
679041
604327
549932
126137
862139
40294
233523
230505
552733
339936
421878
660215
616459
197090
775862
806050
918709
814725
785279
88698
9394
6091
184375
145971
803404
432307
12448
73026
710882
782465
729797
906274
386791
796081
32410
765281
836374
782285
995785
389106
122220
934015
565673
738678
647456
857886
61079
82517
188962
362709
171214
714708
368800
871940
860678
172203
304246
873125
761580
531480
171941
7729
437753
558731
803809
470163
840364
640182
252447
352500
545639
891018
286514
111311
146047
933970
969197
207125
16486
674510
569833
704051
389217
454984
575991
249894
143538
880236
123019
905118
411715
811311
912846
365820
886394
716654
352334
726757
873187
604780
79256
418825
12149
365770
46488
158195
816091
532036
365319
348928
206545
451503
52978
595762
422839
628968
845655
566376
25556
485025
471493
953622
296336
900690
319441
182729
133695
188126
425837
6881
792905
505092
425706
321405
387213
472193
479599
719655
4228
361269
68582
727124
812772
121560
322885
751962
266879
684892
318337
808786
686268
306182
278760
982603
206871
114552
681683
340566
302678
107519
863798
611934
128963
289503
933339
32527
278047
929289
752182
798626
290558
820763
42102
619681
458674
364986
371642
241905
49877
689978
50690
736145
996159
845801
235099
719382
960353
433134
576299
779382
57004
440096
391315
702318
245951
841005
734845
40349
770294
3378
838975
577203
824140
397428
196883
799166
762413
84876
41070
328642
774853
608111
581138
287364
970264
332588
523097
446968
765721
99395
226349
339077
539490
617663
41394
301792
975020
776238
342141
745313
779615
697467
322515
120107
94894
35749
435624
373658
120624
993045
702299
411828
601155
799788
215543
87770
132376
738639
534737
414448
354385
761085
753524
893875
895100
794918
712018
870119
87507
54158
131783
383474
751624
970649
19932
362869
6397
455555
736527
643372
448599
438825
55199
566105
754965
270742
653875
887340
525732
704963
301787
880117
466048
571663
290343
877499
882932
2360
747617
486790
572870
395751
870263
840845
366399
406546
203714
889147
378452
940240
532518
827050
895416
587716
909507
650380
374809
79733
54071
900541
784695
872210
297009
767094
443872
587351
644592
326803
106062
908560
813592
678931
304310
200207
519776
187060
606752
239841
76206
985204
180080
125075
328605
591847
229143
754463
758579
603951
834195
812649
20843
135242
684858
317851
902335
645081
421553
546927
971883
527615
971838
301827
722897
792500
502033
759024
979559
625136
998864
572117
126691
178943
697191
455296
287142
926333
209758
45720
46636
560305
858368
67478
695546
59578
901681
597880
704658
323233
661158
192893
367199
632996
494719
90096
425495
513103
849119
921405
654590
847983
9873
781281
543277
707064
752928
346770
149748
479037
392489
196383
39341
767209
780213
251238
343138
681893
365470
47795
521477
542979
757039
888676
692326
768109
495123
634172
281211
860593
555577
452153
224927
565449
233433
284556
788864
502712
631325
454964
981748
540166
651346
537441
823726
947910
305030
166863
629802
670499
731009
667631
213478
488048
72658
905803
256156
567780
56327
53719
944724
611903
505871
169651
693703
255655
970558
998919
274718
601882
453882
256465
658399
621579
310257
482124
85841
615287
648986
231994
802137
379995
899624
531966
868042
972281
954121
640549
56412
10447
694267
1136
138701
716489
687138
348755
972143
657695
347673
246860
775928
317906
19677
434327
455837
846285
916450
541677
977923
565436
773670
780060
461782
673294
828377
846175
161926
782497
486723
218338
792943
180990
219473
447995
897478
906610
796750
385973
80656
660774
149184
856583
978680
685212
290909
434516
531497
207359
492544
25771
289146
266213
322182
267279
939506
150559
113453
101432
933055
600175
836121
242350
297516
55593
206696
711346
478554
3445
97318
559209
664219
762853
415791
159250
448065
223052
110117
495913
430410
602660
521683
235907
868872
360217
503185
324730
510775
616637
942513
960181
733163
778633
202530
30679
350577
409226
742024
829130
929022
355693
904690
109592
118545
320480
268841
82961
543531
895309
95225
490292
497968
133260
242550
883192
493476
745734
724273
4250
878722
666785
964430
611885
961769
683312
642563
312345
608889
900938
657826
537910
256630
562515
647502
891526
399346
432694
974487
459229
328003
586063
465872
342322
719322
708422
225513
212797
970507
949785
733398
849229
132921
214180
977465
94689
897491
620027
923385
22731
37316
581210
560640
293945
143724
724493
185470
59422
157187
676308
518650
1541
262371
500873
343862
498044
209294
85727
227193
696153
551863
960590
545381
201136
691121
522845
295824
588611
659223
219209
127693
696538
316770
688333
506834
976846
412825
208655
36267
86363
884963
71268
604255
663685
572140
464469
678080
297786
550195
905272
993938
618409
382214
55670
819544
73334
578514
631720
178297
754088
367280
305989
966977
684049
994321
990162
660894
923498
198816
697160
526212
600130
284779
130467
780166
856919
111287
458246
671056
177833
363517
664993
796241
745730
720662
132137
819064
815527
763856
997360
85966
131135
303348
52942
815183
814021
43103
992429
253870
758270
689588
780081
358400
490719
426899
138565
347637
538185
596810
18692
716017
476679
200036
28610
222408
437049
160746
557823
252575
440953
71534
338540
88439
891234
907833
419973
221606
467287
412401
475475
741908
618341
771907
100307
109059
198806
755224
973047
253342
352033
508090
485711
345063
708125
30672
83823
145173
707769
641645
914099
148721
229531
768990
237159
120764
193174
657131
342369
660460
585884
817843
402367
204224
106101
19026
313282
821258
774249
286328
74600
642633
794417
76662
987696
18893
107333
71518
680417
815101
229514
594515
480173
459044
363504
233683
96159
556677
407165
954879
733488
993048
772721
652206
197271
395174
187583
26904
216431
478183
829583
807382
120816
140351
884043
624863
159243
507727
212732
839659
839179
958597
950525
319351
933993
314028
69385
30151
387056
476550
985030
636895
985949
274102
805453
699572
669275
993035
726475
885706
471218
72410
209439
108385
212760
93482
733247
888355
117560
462330
244365
956739
420926
194890
792441
354918
25269
378178
385069
928677
854727
886450
565571
840675
160551
371023
540246
346178
880410
783073
748235
351627
855482
957673
460011
584593
567506
709609
472947
685066
171938
233664
158156
592863
428553
466948
464133
970173
845125
849201
898849
216203
252002
980772
573230
928904
868146
629827
275081
748555
412899
539667
100181
784732
497340
76543
885677
581197
786151
874975
266262
958088
108638
940769
67303
537190
407717
531435
23715
252841
896987
922563
985396
148988
419686
558625
594243
287832
188451
869324
36386
117702
925342
652919
902433
422681
729461
304461
3878
31964
179436
786491
990051
288073
727260
573705
341615
651328
105139
365329
420520
518477
804243
405915
667464
223929
964539
778059
511760
152990
647382
64497
270691
89075
717415
689475
28108
963228
993936
548337
511543
173371
334827
17945
977795
578438
591650
319409
229765
213140
201089
650285
731617
5332
572551
915432
745612
537090
693490
257371
690079
857223
838219
477121
946298
71986
682947
974405
551565
676882
522741
63107
366604
373919
81051
344399
952357
672700
180159
698473
885840
381248
865109
133808
386579
437660
49239
648542
974749
742729
422264
181179
116303
260482
174651
62600
848819
857597
37004
400383
50831
76096
463489
417434
450015
60892
278184
918723
733591
458343
133547
135782
355942
998656
785941
258872
436315
835180
907413
927415
94260
329676
624945
726914
590157
799595
789514
438976
173543
342869
355710
224373
418965
819199
158159
385331
396442
436342
820405
646384
411036
953951
298518
766977
952606
84458
25848
905272
435989
933260
832686
46600
262935
973982
773514
369444
289928
563027
324771
463471
422247
680480
204195
357563
16030
362353
742893
412471
315047
79649
58855
242434
33600
873724
9411
986205
958181
551610
407829
394170
1222
756866
957121
780508
730848
730634
149951
20775
810012
991073
597
232259
671553
204792
589821
203934
567144
849066
132757
398542
928714
191611
640976
962313
65334
166738
464870
539866
718347
872698
450387
719568
629563
407508
500076
360410
138141
166378
897537
948153
157451
898133
696763
829003
102924
286583
549288
186420
135648
682044
101313
580714
390006
742288
543026
971691
909025
7895
511557
627372
396944
961943
863291
26507
885802
363366
903268
23943
46096
317156
488447
203546
215289
185209
548900
834564
471791
98187
537335
123791
780231
638648
704504
170236
897287
763881
141927
806312
288128
169835
950035
685071
131777
329677
227929
17579
693043
647549
557873
255490
964704
562671
459035
696344
747879
7934
47260
736021
622472
100946
376163
402702
739593
597018
89290
636880
360899
747568
959543
165378
917402
425929
850448
565530
755605
594729
99460
964999
758629
657332
220488
239684
736354
679522
936028
484232
203807
499639
736605
826279
600584
112767
228980
856529
709785
834621
9760
587035
582188
969302
752412
499589
911582
119211
581471
667186
713939
680930
632185
472567
854614
852672
712251
590967
48546
164630
591551
252352
180620
328155
594982
781203
440921
340314
154083
667057
174934
163842
254091
273474
649495
6502
773062
561076
642065
870884
744614
356003
551814
376798
344922
922779
745821
573524
513745
310718
254505
105295
79422
435124
949801
674403
732678
390722
14716
886761
574130
706002
566954
828221
979475
732801
351074
268888
810228
993138
139772
554841
865493
207937
447990
726766
130715
710163
816641
644459
537232
71145
266106
616653
22620
215906
807408
755297
122979
338475
158409
697109
44476
241715
41681
540302
490867
909106
809190
301094
418596
465313
372287
284088
673249
336628
527205
803963
46790
343845
964773
100374
931341
230878
717026
953960
963136
524433
225608
86114
379260
900369
299574
423735
658435
341254
964037
149301
766712
289578
450394
185307
754890
822680
985746
944490
675660
512950
748452
722449
373146
713224
339174
820838
460454
56200
291149
423589
96984
516756
509702
476243
933476
325628
416330
591910
183233
896718
741210
949944
702647
191604
135250
973888
530635
120995
918377
206294
150296
666828
445095
523441
896403
784268
860630
356856
356819
151778
780444
970155
668534
806498
962749
118361
648477
895430
710271
831709
792147
451480
781653
494793
159435
916902
468680
206422
37897
903408
929067
704544
570235
890513
744337
982990
674781
604966
339845
547951
756744
636641
34457
941629
959490
997206
59989
607966
892635
770259
439674
201134
738091
221326
695926
413877
138228
680958
620298
692476
584365
549365
397019
670952
439877
657707
653941
631009
262673
510137
695312
19416
146777
729768
477396
622618
243325
537384
230583
135960
823995
670257
337093
78437
407934
549370
492313
62513
746679
112611
754988
847396
178327
668359
34699
134555
326065
688639
281916
105089
715127
493579
124504
378256
223346
601899
873
466671
655635
231456
118982
479629
418064
972426
558065
825997
521795
566729
888510
784826
195691
159849
632221
890369
344559
666919
24924
670624
871909
823191
292064
587035
316769
416568
965290
56466
534818
966163
39488
706804
713970
158469
702784
132033
130894
777200
958029
169041
343929
846538
953866
539619
522739
586086
429988
867297
769356
971263
54272
157616
310805
346336
261002
627573
279255
742644
684038
330424
225158
239878
37228
939127
398346
740011
71159
45592
517211
545539
214632
377491
392077
168497
433461
431167
270934
863448
298463
556641
351062
352735
714256
661866
215422
975257
805790
494676
717900
6180
825099
943057
246057
378678
398535
160754
118689
469693
206345
152251
15232
420976
46093
923660
105824
479553
354826
376757
859353
169640
933397
210414
522374
164004
388632
737795
655613
710773
748822
373512
716952
573921
832921
479360
952598
231455
640114
587638
217500
846458
256240
749083
267434
302332
672742
889609
298237
543919
266366
157589
713558
716114
884354
752284
880118
789337
6430
52082
500110
755252
941945
733413
329172
774865
212773
798121
522672
852886
902111
256523
215695
674702
5605
999480
493386
194698
889089
791622
254968
671806
949210
484877
387919
833563
237160
784388
139252
243590
836469
639361
998841
294766
372773
844364
69630
101897
158836
108653
471134
577298
881527
686829
252000
403483
202660
745385
114532
608100
537006
369499
279905
2567
854376
184176
352481
607887
968563
491732
851476
321384
131092
366668
616149
20217
211031
202130
638465
369867
827135
109599
947164
225013
312779
715515
628496
31790
460899
743027
639890
514256
628878
919794
516822
999605
