991297
175005
165012
261543
902369
930515
655939
87222
39848
155893
878811
274549
426028
923914
298581
204747
218346
558834
474534
240129
831547
230529
845327
397240
242612
453301
544250
762801
553700
963677
870805
61348
655033
35816
322890
73754
482682
495181
160975
38882
651073
556138
313430
593453
480051
128362
798199
214748
203548
789084
971228
35094
535965
816554
948686
778576
269854
492935
541377
339905
972964
928533
401252
144348
480701
724142
218101
963382
219322
895428
518615
386746
451565
832045
980198
447967
476758
778397
662714
680305
567480
633941
231751
619796
966847
180436
914724
236700
189722
972452
92957
162685
900984
494208
307033
381684
218349
41485
861418
954022
936912
380032
340768
904828
728428
320965
352794
205186
615713
531859
401842
699545
165800
633592
319340
132646
814027
234063
885697
3749
206514
495005
682785
623850
989213
506169
521885
723913
547654
383302
194287
917
279686
535054
422097
524465
372370
774890
729650
504435
306749
647844
203979
988900
281435
523318
637897
611814
273733
39945
131914
996598
534950
814698
136799
524162
837219
658684
764426
901224
558337
958712
902140
838022
10117
324236
362487
898839
615478
608488
403273
922226
256331
607251
427477
54118
646920
65373
665931
437004
105317
314196
949954
640266
645245
86752
680779
482463
745435
445205
383686
820124
920268
802178
658145
930385
642765
536983
345575
258242
661823
748847
696819
434505
872449
124295
488622
35720
189667
670904
472724
811336
985099
939029
451601
146696
25780
648732
629158
287567
93936
12844
107690
530555
815021
282186
977291
457785
335521
322865
232379
997343
71711
929197
948199
460511
53492
953173
496231
759510
624076
485306
570845
125527
424334
22446
272222
966465
671177
417731
254031
281464
430574
878072
812018
761946
160258
305661
736083
495778
628525
968461
9472
216588
414009
957670
677098
467500
910842
689680
227010
51270
691337
797854
693148
632022
336651
965369
598487
524179
383099
368869
805642
330025
246941
134012
608322
923550
956024
860756
935679
584548
345568
945150
801135
759577
902819
994585
743428
330013
200616
970437
381282
891953
284643
74429
40326
137645
556149
155164
661824
455599
524033
983817
301975
287325
634180
426649
210874
590203
287404
146552
691103
632972
608053
492237
908900
27223
3173
652327
357235
720141
139116
254868
612093
940110
845648
168770
77754
918148
323934
739577
373747
847966
239746
192073
651642
873925
618721
378867
980480
906125
525418
671582
55448
649822
680170
964347
677044
683343
616673
550631
919835
272140
321850
48279
212249
167498
217048
290003
601997
540981
545931
492095
905298
785676
684168
556939
175953
819240
935805
156432
725364
977574
344365
297163
627395
24534
261509
820791
224228
394534
371421
144062
183025
693270
192340
395274
377119
409388
201628
979116
950368
747558
471210
855666
49586
671729
928956
741890
490969
864761
898321
216332
842334
242685
29847
986081
783570
807707
806871
7798
202240
178291
151859
901617
387912
860551
296890
765031
786290
498517
260498
736657
762426
731707
108674
812011
403436
553982
553900
894404
418742
968572
627087
777427
727608
173285
763507
511178
980992
570377
35327
699583
265019
703537
601199
652931
564087
898088
934313
350376
912956
194810
603385
675382
442868
228410
3744
362655
782391
73996
773410
717484
42567
916849
494911
286527
90133
774769
797704
71124
345146
349382
287059
126516
52918
888257
295798
617005
302697
230110
483732
215652
941271
87116
407385
900491
315526
411129
263145
614268
485124
36555
331752
44042
469755
826662
330568
559887
601430
644623
147363
462927
994004
434421
589443
46922
322677
401592
180278
625373
148054
664009
357377
89324
751125
764761
989814
583002
175889
769311
197269
177364
322217
529020
221406
791971
872033
68325
351857
989815
712948
499219
452741
706951
449991
558535
270224
289020
960127
450501
914392
108180
114510
788120
713855
381986
552881
220021
964987
245121
989331
678607
938837
311547
723979
160242
103517
596011
744918
971725
585825
457865
987296
554918
681168
437286
113452
467743
726305
589930
918244
157049
698109
549105
945168
928316
931090
14400
148336
412428
775873
137666
91034
714709
449212
331364
391302
69080
443727
136219
40804
29551
110436
28099
100820
791603
981737
214272
259345
708041
804201
693940
381441
18662
243044
842961
946977
690485
857360
611664
102912
633232
749329
710298
347940
714892
558013
739241
300323
1739
875460
341126
547642
985895
885577
648461
293849
383665
379084
69545
91705
183285
279837
989498
718298
39232
832458
181626
729717
689817
793289
348980
323049
58969
575629
187340
290212
133642
442933
590534
651732
318392
448011
199373
820638
849939
847834
630838
233603
226917
216734
841660
926553
496570
831157
161202
535802
663614
859179
781870
869782
168819
647201
709182
227787
222830
896522
34350
872823
339454
624883
40906
174197
589246
240279
511186
955536
604464
142023
189139
347732
875108
30798
790637
371678
378306
468190
423831
41919
327369
205700
911700
496187
852900
620882
240326
592081
33755
274675
464903
889560
415910
505809
63756
521507
262439
91293
477042
383254
749667
666180
730985
624774
213329
37973
996451
107986
506163
420281
149904
833531
142332
577956
846069
995232
715189
86394
587312
265295
877421
568567
154854
293330
590727
734961
814836
369517
826253
808229
752770
92271
990761
106
717044
204089
38079
229847
828427
544241
166479
978330
894123
308811
72637
740191
820394
304177
342937
407705
569471
220357
492623
724324
513686
599701
975636
844873
969217
801888
653101
721986
894158
643861
722092
127554
364302
760170
357400
192728
820762
523878
687409
231236
349040
276398
971426
169433
580574
830714
93490
150045
51070
586112
390720
81107
185813
366356
925979
155029
684595
95432
393367
95105
739292
115458
222658
619945
391979
580057
812672
729092
620286
500081
960327
969326
776478
448104
138758
873403
278818
232247
539799
846239
334711
930519
927346
36875
813226
853324
708255
497820
948755
101621
592924
204399
733430
815581
824343
641760
911989
153367
370851
48627
169799
847529
17952
462628
811985
673061
336030
607154
421660
875829
453392
756370
806347
380737
309596
135924
750413
17850
633743
699167
635823
743019
419917
369252
74951
244260
11012
986940
397626
898214
35566
567424
262095
569869
30051
74079
242929
882432
681232
664588
758260
134623
937309
80958
31712
246904
216881
782124
781106
366976
997642
416928
109994
417559
786179
184944
178170
313542
688235
575795
728108
240152
659570
990202
810020
205972
580632
569301
604755
261863
750240
363015
912837
687549
960324
944548
934452
693557
726671
715557
60532
724313
648836
686877
141871
435015
871820
320040
264908
76407
412186
509367
316558
588107
499568
642930
310430
596551
212230
915184
858413
962469
794550
771250
166369
271226
232149
617173
964782
958820
849081
541665
683132
497917
744893
341354
449283
133064
177745
230542
209470
106282
739909
42380
694388
755828
685309
521169
352379
413890
952704
210791
892710
263606
498392
